8.395905142632949236e-02
4.127474977508550635e-01
2.118094104640165787e-01
6.138587879452058610e-02
4.316272162210997854e-01
1.892561851062977696e-01
9.996471730240990006e-01
1.700224202220768366e-01
4.510928148417236300e-02
3.194437691068798268e-01
8.113774406354233859e-01
6.280052973983936415e-02
2.777037133956805071e-01
1.717340822057852878e-01
9.388549732031684636e-01
6.148189734992901695e-02
2.134253049316390538e-01
3.052310206851401864e-01
7.764684253713048934e-01
1.797198617092767570e-01
2.535053608194631769e-01
4.592825783731292744e-02
1.907898460424480858e-01
3.624216270159802966e-01
1.158860843550295061e-01
3.031924934784666070e-01
4.170681467237966622e-01
3.637059713704222930e-02
3.273328428123731260e-02
1.249457505476211927e-01
4.877989008729986115e-02
8.181546626536734257e-02
4.169695829318615515e-02
2.281170657086804276e-01
7.361964332986038473e-01
3.598742111507895469e-01
7.438386523982244702e-02
4.661250944288276576e-01
1.009596822899878205e-01
4.905078929106671676e-02
2.394332082078715340e-01
4.266533413964702093e-01
7.963051705231290189e-02
9.596472267216595020e-02
9.144104634872838311e-01
4.383916139415674346e-02
1.643796562537354344e-01
8.681197575202845296e-02
7.182850097019079227e-02
2.407152513242503955e-01
9.997969348034316805e-01
1.932322135236120009e-01
9.996727589199582154e-01
3.894795521572639307e-01
8.518373732045081415e-01
8.968113748380736050e-01
7.202721416656914233e-01
6.053466696780078760e-01
6.427848509686940881e-01
9.497304660707140966e-01
8.275765228108991067e-01
8.430963508294676556e-01
1.820338915541482028e-01
8.807313420544229388e-01
9.644594097457773740e-01
6.514059246508413503e-01
8.289144615350908518e-01
9.986069504539742958e-01
3.793487226313727034e-01
9.482520791773219049e-01
9.774244086097936268e-01
3.118115951126379515e-01
6.300748685452952635e-01
4.262022474224835822e-01
8.020873870112295023e-01
9.912836017866897276e-01
7.102157301061499117e-01
4.702087207734522156e-01
9.820117305323934342e-01
2.498708403672277867e-01
1.602604830745718301e-01
9.998601128207125210e-01
9.681688044709715335e-01
9.343402462471659398e-01
5.085322634486365567e-01
8.780018336013214464e-01
8.046773702617188162e-01
6.498029884760184727e-01
7.525089868982310914e-01
9.999454554726517896e-01
2.342785725854247825e-01
7.147137626919064513e-01
6.953308880671182912e-01
8.041847088787819064e-01
8.354013748988727839e-01
5.220584791672643332e-01
5.029738557814026345e-01
7.232956640366019485e-01
9.979439320225363952e-01
4.142511836155006177e-01
