5.814773546573356877e-02
7.565006878099499350e-03
6.940038201778635403e-03
1.191586077465895711e-02
1.195899347444289926e-02
2.672793998239252414e-02
1.389078311472877192e-02
7.292062265769012680e-04
2.281304872706219067e-02
4.364658413938109910e-03
8.889681406448539727e-03
9.491111597561921812e-03
1.177478463743484964e-02
1.233133825332423730e-02
3.736208653138944815e-03
8.495805424306192288e-02
3.205212518096818737e-03
7.112305679997220180e-03
1.812703317613621745e-02
2.303090580248474527e-03
2.471335773124749835e-03
2.503436718157748403e-02
1.393840755113997035e-02
1.839294641106537648e-02
1.210979213217746242e-03
1.540661500683062528e-03
5.660211504609387323e-03
4.424571424726687213e-02
3.117041009203846968e-03
1.014375897204226884e-01
1.509796249880955565e-02
2.965880872737065941e-03
1.239166187663069425e-03
3.636606478534884154e-03
3.731682434484801664e-02
1.234753269190926213e-02
3.634090785674302243e-02
4.831977201800444904e-02
4.295515900936078962e-03
4.543472091525281066e-03
1.233014190243823284e-02
5.040615484638350310e-03
1.970133449603672215e-03
1.888067124765210533e-02
1.200988316884655377e-02
1.927900208105296637e-02
3.084108505830225264e-03
1.047528066569331905e-03
8.440074115511923478e-03
2.025290612083940900e-01
1.078827275254298432e-02
2.131916586798114285e-02
5.020449167638684797e-03
2.176370006609040092e-02
1.183177587858647364e-02
1.386241694933798953e-03
1.284657038385753416e-02
9.627510393049111201e-03
1.794229039463490424e-02
1.012424565455706006e-02
5.085581322705436634e-03
3.713211759757837054e-03
7.504696715125309383e-04
2.218501918494990288e-01
1.310375468767567275e-01
1.067255144033225772e-01
1.010249872942069471e-01
1.287700019436188170e-01
1.227229520437253529e-01
2.552246781699276656e-01
3.850392001959871968e-01
2.059237099859946019e-01
1.994648165247025207e-01
1.551511569830731352e-01
2.129186643267122481e-01
9.937293286063242359e-02
1.530721739071554677e-01
1.260138168012978344e-01
1.660286297049707871e-01
6.793878519289923978e-02
1.558186592062600351e-01
3.934838429089563272e-01
2.085013846744249999e-01
1.726930124742488692e-01
1.043624208278638027e-01
9.382866963634735324e-02
1.165291093432812286e-01
1.854612616974576911e-01
2.777956623400618663e-01
1.661340922568430578e-01
1.083225528329039289e-01
1.590798949168656384e-01
1.253199232696693977e-01
1.709773094553641015e-01
1.370583927191090512e-01
2.408634969394543857e-01
1.992383237019327846e-01
1.059163883065978029e-01
1.896590781981272178e-01
2.314301598935988857e-01
2.947510147466606556e-01
1.600532111015955938e-01
1.439182018716224920e-01
2.281081668330821044e-01
7.446672337166693190e-02
1.452053887472350702e-01
1.537639312097871247e-01
2.029662435233871021e-01
1.209944671406627953e-01
9.218046026671972148e-02
2.246482689379145636e-01
8.455879619155969029e-02
1.892616805069721742e-01
9.607557566366606294e-02
7.507959708812894650e-02
2.145776684891637087e-01
2.674766155487484642e-01
1.221464150388644060e-01
2.150373832752665582e-01
1.570365410279605800e-01
1.387473665327882133e-01
1.393112943926048675e-01
1.133427001669794904e-01
1.860127675932602698e-01
2.775947857948333208e-01
5.350169502236414021e-02
