3.385696443090112084e-01
4.404783208492672741e-02
4.040890408968396408e-02
6.938101220621775700e-02
6.963215565500334436e-02
1.556254781114213004e-01
8.088014882537968020e-02
4.245859116999459865e-03
1.328307238667483792e-01
2.541355798125949014e-02
5.176085100640544223e-02
5.526272436830025059e-02
6.855958558972290173e-02
7.180016165448825649e-02
2.175436110496421077e-02
4.946747792647900321e-01
1.866259543032987994e-02
4.141194467861364359e-02
1.055460393369707650e-01
1.340992133779088206e-02
1.438954186217724675e-02
1.457645207380896535e-01
8.115744575477873424e-02
1.070943395183265451e-01
7.051019239198951828e-03
8.970619614142033224e-03
3.295701510093532183e-02
2.576240607636930413e-01
1.814921006519086902e-02
5.906281370397586938e-01
8.790904326833279270e-02
1.726906859059433932e-02
7.215140057243948392e-03
2.117441981304625867e-02
2.172800685010761179e-01
7.189445501376701131e-02
2.115977199864427227e-01
2.813455742376930191e-01
2.501097040246162001e-02
2.645471431750153618e-02
7.179319580980490778e-02
2.934936980887585187e-02
1.147125293755729344e-02
1.099341547427930277e-01
6.992846479920714065e-02
1.122534665354477240e-01
1.795745804141716737e-02
6.099312416234792256e-03
4.914297811158129664e-02
1.179240974155774779e+00
6.281554456560978217e-02
1.241324764769345945e-01
2.923194988325169760e-02
1.267208109001338734e-01
6.889142145729172662e-02
8.071498465432735622e-03
7.480014020522703089e-02
5.605691680421186207e-02
1.044703603389740693e-01
5.894919591804937548e-02
2.961118684574741769e-02
2.162045993151538031e-02
4.369667154079129485e-03
1.291739737459493886e+00
7.629761551648623907e-01
6.214174836012820169e-01
5.882257278046265636e-01
7.497732010804403213e-01
7.145637897881936818e-01
1.486065240800244380e+00
2.241920240078896231e+00
1.199006576719326311e+00
1.161399174740480156e+00
9.033794972952338131e-01
1.239735234234977668e+00
5.786065143051761783e-01
8.912744590697522229e-01
7.337251019444850364e-01
9.667144155158088337e-01
3.955787814144763326e-01
9.072660801254980312e-01
2.291089819199161326e+00
1.214015285062242322e+00
1.005518294732451023e+00
6.076581902271923630e-01
5.463246169489512916e-01
6.784996661692932474e-01
1.079862403979802821e+00
1.617486525240289241e+00
9.673284793033204432e-01
6.307163622028368888e-01
9.262548748860138792e-01
7.296848536990445666e-01
9.955284824690648904e-01
7.980329913246452245e-01
1.402446162909861016e+00
1.160080402928826526e+00
6.167062849178753803e-01
1.104304512139693717e+00
1.347519835294842538e+00
1.716210363536950112e+00
9.319220829350430835e-01
8.379747556288258403e-01
1.328177276209992597e+00
4.335882015501760223e-01
8.454694998204065337e-01
8.953022689582074145e-01
1.181786501676319379e+00
7.044995540249926469e-01
5.367277916288929474e-01
1.308031755660827189e+00
4.923500686737081189e-01
1.101990633639251094e+00
5.594073994231436586e-01
4.371567057150745339e-01
1.249394913063216039e+00
1.557403084780224267e+00
7.112068589102614746e-01
1.252071637622956812e+00
9.143572903313804678e-01
8.078671707430608029e-01
8.111506839080159237e-01
6.599465546370445468e-01
1.083073589307669060e+00
1.616316906167021505e+00
3.115177179053795209e-01
